[Variables]
ercf_calib_0 = 1.0
ercf_calib_1 = 1.0081410600734306
ercf_calib_10 = 1.0
ercf_calib_11 = 1.0
ercf_calib_2 = 1.0045912676083832
ercf_calib_3 = 1.0045912676083832
ercf_calib_4 = 1.0135130373029515
ercf_calib_5 = 1.002825729352481
ercf_calib_6 = 1.0153164412839177
ercf_calib_7 = 1.0045912676083832
ercf_calib_8 = 1.0099253805337374
ercf_calib_9 = 1.0
ercf_calib_ref = 699.254325
infill_sqv = 15
pa_default = 0.035
pa_externalperimeter = 0.05
pa_mixed = 0.04
pa_topsolidinfill = 0.05

